92; 88; 82; 16; 55; 52; 77; 31; 96; 13; 47; 92; 55; 43; 3; 
94; 57; 4; 66; 48; 10; 19; 97; 94; 54; 89; 9; 57; 70; 100; 
75; 86; 3; 15; 72; 25; 44; 64; 44; 9; 29; 79; 8; 8; 52; 
12; 74; 64; 47; 6; 16; 32; 32; 68; 76; 94; 5; 61; 42; 47; 
1; 32; 58; 58; 81; 37; 6; 1; 100; 82; 4; 65; 92; 70; 37; 
32; 98; 72; 25; 18; 13; 77; 75; 25; 56; 85; 42; 39; 42; 64; 
30; 31; 38; 4; 28; 99; 25; 38; 92; 36; 75; 18; 65; 63; 40; 
17; 72; 89; 19; 67; 99; 3; 16; 29; 57; 68; 48; 73; 94; 91; 
81; 24; 49; 1; 74; 26; 82; 36; 72; 70; 18; 36; 94; 80; 2; 
91; 99; 4; 20; 58; 94; 76; 22; 2; 96; 82; 93; 81; 42; 29; 
5; 16; 70; 67; 10; 86; 7; 84; 67; 79; 62; 5; 61; 46; 80; 
27; 92; 25; 62; 79; 69; 51; 64; 76; 34; 37; 33; 8; 62; 66; 
65; 89; 51; 24; 49; 15; 75; 93; 35; 90; 16; 70; 6; 79; 27; 
80; 53; 68; 90; 80; 21; 66; 11; 57; 31; 74; 76; 30; 70; 20; 
82; 97; 81; 40; 43; 56; 69; 70; 7; 47; 34; 74; 76; 46; 22; 
57; 21; 17; 70; 47; 85; 38; 76; 42; 73; 55; 6; 75; 40; 98; 
73; 73; 72; 22; 23; 23; 49; 96; 7; 3; 74; 59; 50; 6; 48; 
76; 4; 22; 83; 22; 46; 71; 80; 69; 7; 33; 1; 66; 29; 3; 
29; 29; 32; 90; 20; 48; 18; 74; 62; 4; 87; 26; 80; 85; 93; 
58; 67; 34; 33; 49; 62; 22; 9; 1; 4; 15; 49; 37; 58; 9; 
48; 25; 80; 7; 64; 53; 10; 71; 70; 20; 50; 68; 33; 76; 77; 
22; 82; 55; 30; 33; 17; 60; 8; 1; 47; 45; 65; 26; 43; 1; 
80; 49; 32; 23; 92; 68; 96; 1; 45; 64; 32; 38; 60; 28; 44; 
31; 29; 25; 38; 57; 29; 53; 39; 35; 98; 28; 69; 98; 5; 72; 
89; 61; 27; 89; 72; 50; 81; 100; 10; 55; 87; 58; 19; 67; 1; 
68; 57; 89; 8; 26; 100; 92; 23; 77; 76; 24; 33; 23; 38; 21; 
75; 27; 62; 29; 15; 77; 81; 73; 21; 75; 64; 33; 47; 93; 95; 
21; 88; 23; 20; 73; 62; 86; 8; 43; 16; 19; 65; 28; 67; 68; 
90; 57; 49; 100; 4; 10; 36; 94; 65; 18; 17; 68; 75; 73; 81; 
54; 64; 14; 14; 19; 49; 99; 39; 65; 42; 27; 89; 62; 71; 64; 
58; 62; 37; 12; 51; 91; 5; 50; 47; 87; 74; 10; 36; 41; 75; 
25; 85; 41; 7; 38; 14; 62; 48; 79; 7; 54; 6; 96; 14; 85; 
73; 79; 96; 58; 12; 43; 34; 76; 22; 75; 10; 28; 91; 68; 39; 
61; 31; 43; 79; 48; 66; 98; 33; 21; 76; 85; 18; 69; 65; 33; 
26; 14; 49; 41; 15; 58; 30; 85; 18; 38; 47; 100; 46; 34; 65; 
93; 81; 23; 52; 14; 35; 54; 76; 46; 22; 61; 70; 34; 61; 51; 
94; 43; 53; 91; 69; 58; 73; 33; 15; 24; 26; 51; 35; 89; 43; 
56; 87; 17; 76; 100; 31; 82; 77; 100; 94; 86; 42; 56; 54; 52; 
18; 79; 74; 53; 28; 77; 91; 10; 8; 92; 20; 97; 83; 46; 51; 
42; 29; 19; 53; 35; 16; 32; 37; 4; 1; 92; 70; 65; 89; 15; 
60; 53; 70; 85; 40; 97; 59; 80; 23; 42; 31; 42; 76; 23; 12; 
42; 83; 55; 85; 42; 19; 56; 6; 11; 65; 50; 44; 49; 31; 84; 
37; 38; 95; 88; 33; 54; 88; 76; 93; 52; 31; 32; 37; 100; 83; 
80; 38; 33; 11; 33; 41; 26; 98; 24; 1; 42; 53; 6; 84; 84; 
33; 58; 9; 29; 8; 73; 4; 45; 82; 69; 35; 73; 9; 46; 96; 
65; 78; 61; 56; 89; 35; 67; 62; 26; 49; 34; 22; 10; 67; 35; 
94; 40; 49; 44; 31; 43; 15; 80; 45; 63; 58; 22; 12; 51; 50; 
75; 19; 77; 91; 5; 31; 43; 26; 64; 53; 22; 48; 91; 13; 62; 
61; 13; 66; 70; 58; 94; 3; 86; 8; 54; 65; 63; 5; 28; 81; 
2; 90; 71; 53; 77; 92; 30; 30; 75; 90; 2; 100; 51; 15; 27; 
29; 9; 99; 80; 89; 21; 32; 55; 38; 49; 75; 49; 53; 29; 58; 
94; 45; 14; 29; 6; 100; 80; 57; 49; 38; 49; 25; 57; 60; 64; 
67; 9; 6; 75; 59; 96; 53; 81; 71; 88; 16; 51; 23; 43; 35; 
2; 38; 37; 13; 14; 38; 61; 15; 87; 28; 49; 46; 65; 23; 35; 
66; 10; 75; 54; 38; 79; 27; 86; 19; 75; 80; 25; 52; 70; 97; 
3; 13; 85; 15; 37; 52; 44; 59; 78; 82; 85; 67; 83; 71; 15; 
58; 25; 12; 80; 43; 90; 58; 23; 52; 56; 36; 66; 42; 94; 43; 
60; 97; 1; 61; 87; 43; 98; 51; 30; 6; 23; 9; 86; 69; 83; 
60; 43; 92; 44; 100; 46; 8; 12; 36; 85; 30; 80; 38; 55; 53; 
38; 68; 34; 91; 29; 97; 47; 33; 19; 22; 1; 79; 31; 16; 23; 
47; 56; 18; 72; 6; 47; 80; 49; 41; 53; 92; 34; 37; 53; 54; 
93; 38; 69; 64; 60; 51; 43; 23; 6; 94; 45; 12; 74; 96; 22; 
27; 59; 3; 63; 77; 24; 80; 49; 10; 76; 86; 24; 53; 66; 53; 
87; 77; 92; 8; 25; 70; 94; 100; 32; 97; 95; 9; 55; 41; 59; 
55; 8; 62; 71; 87; 64; 24; 61; 94; 9; 65; 4; 35; 99; 56; 
77; 89; 18; 41; 97; 99; 44; 35; 60; 55; 42; 1; 30; 90; 82; 
74; 5; 29; 65; 85; 50; 95; 26; 83; 73; 83; 52; 12; 64; 53; 
96; 12; 43; 94; 67; 36; 96; 11; 34; 42; 70; 80; 51; 61; 24; 
9; 74; 51; 64; 94; 37; 48; 56; 77; 10; 11; 30; 17; 87; 93; 
40; 35; 55; 30; 8; 72; 76; 56; 3; 85; 65; 4; 52; 66; 86; 
60; 92; 55; 46; 51; 24; 86; 21; 47; 58; 75; 68; 76; 85; 86; 
39; 51; 21; 65; 85; 18; 88; 74; 11; 39; 40; 96; 35; 24; 45; 
95; 23; 86; 46; 75; 15; 79; 32; 97; 20; 10; 68; 96; 47; 73; 
98; 42; 82; 37; 46; 48; 74; 67; 3; 6; 71; 100; 63; 16; 28; 
23; 35; 17; 63; 98; 19; 85; 65; 22; 30; 86; 38; 61; 72; 4; 
48; 15; 41; 19; 98; 13; 4; 51; 42; 29; 96; 58; 16; 42; 47; 
62; 6; 93; 76; 65; 20; 14; 71; 73; 63; 80; 28; 94; 35; 20; 
40; 28; 59; 93; 90; 99; 70; 58; 30; 26; 48; 21; 37; 99; 14; 
83; 40; 92; 59; 93; 66; 79; 92; 9; 88; 12; 98; 31; 44; 69; 
27; 59; 92; 23; 35; 88; 1; 12; 6; 32; 88; 73; 49; 26; 28; 
44; 97; 22; 43; 1; 19; 51; 15; 74; 37; 51; 73; 21; 26; 44; 
80; 38; 50; 6; 91; 37; 29; 43; 10; 63; 7; 26; 75; 1; 92; 
77; 87; 39; 86; 58; 75; 14; 16; 48; 56; 72; 85; 96; 95; 37; 
18; 50; 6; 99; 13; 66; 93; 47; 21; 79; 80; 19; 11; 22; 47; 
65; 82; 62; 68; 10; 31; 93; 60; 73; 3; 36; 1; 7; 15; 47; 
56; 22; 91; 55; 96; 2; 11; 61; 27; 96; 10; 27; 57; 67; 12; 
3; 6; 13; 27; 48; 28; 98; 14; 18; 99; 25; 39; 22; 42; 12; 
55; 10; 71; 58; 33; 47; 63; 60; 40; 72; 20; 96; 41; 8; 35; 
10; 93; 49; 90; 14; 39; 100; 27; 83; 62; 37; 27; 2; 50; 22; 
51; 78; 46; 36; 49; 52; 91; 75; 43; 41; 68; 72; 12; 35; 94; 
73; 32; 57; 45; 96; 99; 66; 37; 77; 21; 57; 91; 50; 73; 4; 
89; 70; 16; 43; 90; 57; 37; 37; 34; 30; 88; 88; 47; 23; 72; 
50; 28; 35; 58; 4; 79; 52; 76; 75; 53; 31; 86; 99; 49; 45; 
40; 80; 8; 59; 29; 41; 65; 85; 32; 79; 14; 37; 46; 78; 93; 
14; 91; 4; 20; 82; 14; 90; 60; 85; 33; 37; 81; 16; 34; 78; 
33; 5; 73; 45; 70; 91; 65; 49; 2; 36; 93; 48; 46; 32; 4; 
51; 51; 14; 26; 73; 41; 61; 76; 49; 29; 87; 75; 38; 67; 57; 
24; 10; 9; 100; 35; 47; 48; 54; 10; 43; 89; 15; 68; 28; 51; 
94; 84; 39; 35; 9; 36; 45; 28; 100; 4; 51; 15; 82; 77; 40; 
76; 45; 50; 7; 23; 93; 50; 59; 33; 95; 74; 30; 14; 80; 38; 
73; 4; 79; 72; 2; 43; 5; 50; 81; 53; 60; 86; 29; 69; 19; 
51; 3; 19; 17; 78; 20; 94; 24; 27; 60; 3; 35; 18; 12; 89; 
76; 50; 57; 99; 40; 22; 11; 6; 32; 95; 24; 76; 5; 70; 87; 
46; 76; 62; 85; 77; 76; 14; 71; 94; 5; 5; 82; 87; 38; 51; 
71; 43; 83; 97; 23; 77; 13; 88; 71; 52; 92; 91; 86; 4; 66; 
71; 8; 52; 86; 54; 72; 74; 48; 8; 98; 39; 69; 4; 42; 100; 
50; 87; 84; 38; 89; 10; 24; 13; 85; 79; 50; 65; 8; 63; 28; 
26; 84; 15; 42; 51; 1; 49; 3; 93; 9; 65; 54; 94; 46; 13; 
66; 16; 58; 47; 2; 8; 42; 62; 50; 13; 77; 95; 8; 10; 87; 
22; 9; 61; 18; 61; 79; 73; 29; 25; 66; 7; 88; 69; 6; 37; 
89; 4; 36; 16; 60; 51; 67; 20; 51; 35; 19; 82; 52; 33; 61; 
81; 83; 57; 33; 82; 4; 4; 15; 43; 75; 62; 22; 92; 100; 64; 
20; 46; 86; 76; 44; 71; 56; 3; 93; 86; 30; 92; 11; 43; 6; 
67; 4; 92; 35; 3; 77; 45; 76; 25; 64; 54; 29; 15; 26; 51; 
18; 10; 38; 100; 9; 77; 84; 50; 15; 82; 89; 46; 96; 10; 8; 
26; 73; 65; 94; 34; 98; 12; 59; 6; 75; 48; 81; 61; 36; 48; 
34; 81; 42; 47; 13; 42; 54; 15; 54; 17; 41; 6; 31; 53; 2; 
79; 92; 8; 99; 29; 39; 63; 46; 5; 73; 28; 92; 6; 1; 28; 
49; 62; 2; 50; 83; 71; 17; 59; 22; 79; 45; 48; 21; 22; 38; 
45; 74; 3; 98; 32; 12; 94; 39; 11; 94; 29; 79; 83; 77; 13; 
9; 35; 54; 28; 83; 49; 10; 73; 13; 20; 31; 61; 82; 90; 35; 
1; 52; 96; 90; 73; 50; 24; 33; 27; 93; 83; 2; 41; 11; 13; 
98; 94; 24; 98; 5; 43; 100; 83; 54; 51; 55; 2; 34; 27; 51; 
91; 41; 76; 51; 57; 100; 33; 93; 25; 41; 38; 98; 81; 2; 44; 
91; 4; 56; 24; 64; 86; 100; 78; 22; 64; 71; 15; 97; 94; 56; 
16; 50; 69; 4; 76; 84; 4; 98; 24; 66; 90; 97; 73; 18; 87; 
61; 62; 98; 25; 54; 73; 55; 57; 41; 17; 75; 51; 82; 35; 80; 
99; 35; 53; 55; 6; 30; 87; 99; 33; 42; 33; 1; 40; 84; 26; 
5; 60; 17; 8; 49; 7; 29; 4; 10; 9; 22; 9; 5; 45; 51; 
17; 27; 41; 97; 60; 100; 71; 79; 98; 55; 92; 10; 36; 3; 87; 
47; 35; 23; 12; 33; 81; 46; 63; 17; 32; 25; 17; 57; 1; 11; 
74; 89; 82; 24; 72; 68; 85; 55; 27; 74; 93; 65; 70; 4; 38; 
3; 59; 70; 41; 75; 19; 81; 26; 71; 45; 5; 47; 24; 1; 88; 
26; 86; 85; 65; 70; 45; 16; 33; 7; 47; 31; 12; 76; 14; 65; 
10; 26; 93; 47; 12; 56; 62; 97; 17; 74; 52; 56; 1; 31; 39; 
45; 21; 95; 40; 39; 86; 37; 75; 73; 73; 34; 25; 83; 44; 19; 
75; 27; 39; 81; 85; 7; 45; 100; 52; 19; 69; 13; 79; 93; 6; 
89; 25; 22; 55; 28; 31; 91; 69; 95; 22; 24; 51; 14; 31; 38; 
31; 18; 59; 19; 70; 58; 16; 81; 19; 25; 57; 95; 97; 80; 90; 
100; 80; 38; 67; 78; 77; 34; 99; 34; 94; 36; 78; 60; 86; 45; 
7; 77; 57; 76; 68; 89; 45; 54; 41; 71; 55; 70; 72; 95; 93; 
58; 100; 40; 26; 52; 69; 35; 21; 40; 86; 36; 8; 39; 26; 84; 
56; 32; 61; 80; 61; 15; 40; 81; 47; 24; 60; 29; 19; 73; 59; 
90; 58; 48; 65; 82; 25; 16; 86; 84; 18; 79; 14; 77; 91; 86; 
75; 74; 7; 61; 19; 98; 51; 29; 61; 8; 27; 16; 17; 17; 43; 
29; 48; 16; 34; 5; 70; 26; 20; 86; 100; 57; 20; 98; 26; 32; 
40; 87; 13; 46; 85; 75; 83; 48; 8; 92; 59; 44; 39; 55; 81; 
61; 50; 5; 36; 37; 46; 90; 74; 3; 20; 45; 1; 42; 71; 49; 
42; 62; 98; 16; 32; 50; 73; 95; 28; 42; 83; 6; 64; 87; 50; 
96; 99; 85; 37; 6; 2; 98; 94; 89; 9; 54; 32; 95; 66; 67; 
2; 97; 87; 46; 70; 27; 11; 79; 99; 4; 2; 83; 1; 44; 46; 
60; 60; 32; 35; 95; 35; 37; 16; 5; 30; 5; 92; 63; 37; 27; 
6; 37; 7; 46; 80; 17; 16; 61; 40; 30; 98; 74; 74; 76; 30; 
90; 94; 3; 21; 22; 34; 29; 37; 16; 72; 28; 19; 51; 2; 13; 
74; 56; 7; 82; 57; 50; 45; 47; 91; 91; 81; 98; 12; 74; 71; 
72; 65; 68; 88; 20; 25; 62; 11; 75; 10; 44; 3; 38; 67; 22; 
55; 17; 24; 76; 75; 12; 96; 39; 23; 28; 72; 47; 30; 23; 24; 
88; 21; 45; 95; 22; 28; 12; 32; 89; 78; 87; 27; 73; 32; 63; 
79; 39; 55; 50; 14; 9; 87; 90; 68; 17; 73; 7; 46; 50; 29; 
49; 74; 30; 89; 93; 71; 88; 69; 17; 42; 70; 87; 75; 60; 23; 
93; 79; 96; 88; 75; 82; 49; 64; 63; 92; 81; 87; 11; 69; 34; 
55; 96; 16; 38; 42; 10; 72; 46; 57; 45; 93; 63; 78; 59; 51; 
24; 2; 8; 26; 56; 52; 46; 27; 89; 5; 51; 54; 99; 93; 41; 
17; 87; 20; 93; 92; 68; 96; 68; 75; 87; 95; 94; 43; 27; 52; 
93; 92; 11; 21; 58; 1; 33; 32; 44; 73; 73; 29; 62; 5; 70; 
92; 44; 52; 89; 20; 86; 98; 44; 51; 27; 66; 46; 89; 92; 87; 
46; 88; 93; 6; 30; 26; 79; 79; 49; 67; 49; 69; 17; 86; 41; 
67; 38; 47; 59; 62; 22; 90; 39; 21; 2; 79; 56; 21; 13; 54; 
85; 89; 72; 31; 40; 73; 97; 64; 47; 59; 78; 86; 14; 83; 54; 
36; 28; 26; 88; 34; 22; 86; 36; 28; 38; 5; 6; 65; 93; 19; 
66; 31; 11; 17; 93; 80; 21; 32; 55; 54; 77; 95; 98; 8; 26; 
35; 32; 81; 87; 33; 58; 42; 37; 13; 95; 52; 5; 18; 8; 96; 
77; 49; 49; 21; 35; 60; 33; 48; 56; 92; 76; 17; 86; 94; 51; 
25; 1; 36; 10; 24; 61; 40; 25; 19; 81; 95; 72; 84; 61; 60; 
100; 25; 97; 22; 35; 26; 77; 84; 89; 42; 45; 5; 81; 98; 46; 
5; 3; 46; 16; 7; 72; 80; 24; 91; 25; 11; 9; 83; 54; 42; 
34; 51; 46; 3; 75; 75; 11; 23; 93; 95; 75; 42; 41; 42; 26; 
91; 61; 10; 60; 6; 22; 3; 44; 91; 58; 2; 34; 24; 50; 2; 
70; 43; 100; 40; 22; 66; 58; 48; 34; 44; 50; 84; 92; 5; 55; 
36; 74; 69; 31; 39; 77; 41; 47; 25; 43; 7; 76; 30; 37; 38; 
30; 84; 67; 15; 42; 53; 72; 79; 86; 49; 12; 93; 70; 23; 29; 
6; 35; 94; 30; 16; 95; 54; 69; 84; 72; 77; 19; 58; 25; 22; 
52; 24; 63; 32; 50; 94; 21; 100; 72; 61; 96; 97; 76; 13; 91; 
68; 4; 26; 82; 49; 65; 44; 58; 61; 42; 27; 7; 54; 72; 54; 
95; 89; 68; 58; 52; 11; 51; 100; 21; 92; 75; 1; 63; 93; 62; 
38; 66; 92; 66; 100; 83; 61; 92; 84; 96; 67; 43; 89; 94; 58; 
86; 28; 92; 93; 50; 69; 2; 13; 17; 16; 66; 69; 43; 94; 11; 
32; 59; 55; 30; 29; 88; 84; 86; 86; 34; 14; 45; 33; 100; 66; 
89; 98; 7; 88; 65; 29; 72; 16; 15; 81; 69; 96; 92; 24; 21; 
52; 100; 75; 27; 95; 93; 53; 88; 79; 87; 87; 60; 93; 16; 93; 
28; 42; 82; 57; 54; 34; 10; 22; 56; 24; 25; 96; 6; 2; 10; 
39; 62; 64; 75; 74; 33; 31; 13; 7; 76; 97; 59; 56; 38; 88; 
6; 8; 65; 14; 67; 81; 45; 18; 74; 30; 4; 52; 88; 34; 36; 
60; 17; 40; 12; 5; 51; 68; 49; 12; 31; 27; 62; 80; 1; 79; 
15; 16; 71; 47; 90; 82; 71; 15; 8; 24; 34; 71; 70; 28; 82; 
50; 9; 68; 41; 29; 68; 4; 48; 54; 29; 52; 50; 25; 52; 26; 
25; 30; 35; 70; 95; 89; 55; 57; 83; 46; 40; 7; 79; 32; 48; 
73; 89; 49; 98; 23; 42; 4; 51; 16; 83; 52; 30; 48; 24; 45; 
40; 31; 52; 70; 7; 68; 30; 58; 8; 47; 13; 67; 8; 73; 55; 
4; 8; 14; 76; 99; 33; 62; 95; 20; 31; 45; 87; 29; 91; 56; 
31; 36; 88; 78; 12; 10; 62; 23; 31; 38; 37; 89; 43; 58; 77; 
80; 74; 42; 60; 64; 4; 19; 46; 59; 30; 54; 82; 32; 100; 42; 
77; 64; 60; 4; 74; 59; 3; 87; 29; 99; 55; 5; 86; 14; 1; 
38; 71; 46; 50; 27; 98; 82; 48; 82; 9; 55; 1; 32; 90; 72; 
78; 59; 91; 40; 47; 83; 56; 35; 41; 41; 88; 32; 10; 8; 59; 
74; 25; 32; 1; 61; 13; 68; 33; 92; 76; 47; 72; 70; 20; 80; 
33; 66; 34; 15; 63; 51; 100; 24; 57; 69; 16; 27; 82; 90; 16; 
42; 32; 30; 13; 100; 100; 94; 80; 34; 96; 47; 12; 24; 74; 63; 
53; 80; 13; 53; 39; 3; 33; 59; 34; 59; 24; 69; 62; 14; 88; 
45; 16; 86; 17; 65; 56; 53; 3; 41; 3; 51; 53; 34; 96; 94; 
33; 80; 50; 50; 20; 17; 1; 27; 42; 63; 14; 84; 11; 36; 26; 
58; 9; 24; 8; 98; 34; 8; 58; 16; 90; 38; 41; 29; 59; 94; 
73; 76; 93; 24; 76; 85; 97; 71; 21; 18; 85; 90; 24; 12; 65; 
74; 25; 42; 98; 53; 54; 41; 11; 26; 36; 81; 83; 61; 12; 11; 
42; 14; 30; 96; 99; 46; 31; 9; 23; 26; 53; 45; 91; 37; 8; 
53; 58; 57; 82; 67; 98; 46; 34; 36; 21; 35; 57; 43; 39; 26; 
70; 17; 30; 94; 80; 3; 39; 36; 67; 51; 60; 39; 72; 84; 68; 
49; 54; 61; 66; 76; 89; 5; 10; 57; 78; 93; 82; 76; 57; 51; 
65; 41; 84; 12; 42; 95; 25; 36; 8; 84; 96; 25; 67; 77; 11; 
50; 55; 80; 25; 99; 32; 60; 50; 79; 37; 16; 12; 29; 7; 5; 
53; 93; 70; 13; 9; 26; 92; 89; 19; 97; 22; 11; 45; 45; 72; 
37; 80; 24; 60; 83; 46; 35; 54; 47; 58; 86; 40; 32; 62; 93; 
96; 96; 32; 4; 81; 84; 67; 81; 83; 2; 62; 99; 98; 97; 99; 
21; 14; 66; 50; 94; 48; 6; 37; 97; 71; 37; 24; 46; 90; 45; 
70; 88; 38; 35; 70; 5; 16; 36; 8; 27; 83; 24; 44; 49; 44; 
42; 58; 11; 51; 76; 9; 99; 7; 65; 45; 62; 95; 64; 32; 98; 
12; 63; 100; 62; 63; 38; 99; 51; 55; 94; 61; 98; 40; 87; 87; 
53; 15; 22; 45; 99; 74; 84; 49; 76; 80; 84; 36; 8; 54; 82; 
14; 31; 85; 70; 74; 71; 52; 32; 48; 47; 75; 59; 66; 50; 14; 
18; 94; 32; 16; 77; 66; 23; 91; 41; 59; 16; 56; 54; 72; 85; 
92; 67; 11; 97; 90; 26; 90; 40; 34; 13; 28; 37; 71; 5; 11; 
45; 17; 69; 89; 85; 86; 43; 55; 84; 78; 15; 58; 25; 42; 21; 
98; 20; 21; 98; 62; 15; 55; 19; 65; 71; 99; 94; 79; 1; 16; 
85; 83; 8; 57; 17; 49; 97; 78; 15; 21; 59; 31; 35; 82; 89; 
39; 75; 34; 25; 1; 51; 15; 70; 91; 60; 23; 10; 5; 70; 41; 
86; 82; 55; 31; 16; 98; 33; 17; 60; 51; 11; 76; 35; 54; 37; 
68; 48; 98; 26; 48; 48; 89; 99; 79; 74; 98; 51; 52; 64; 38; 
81; 19; 41; 8; 75; 95; 39; 57; 33; 69; 77; 38; 58; 23; 47; 
91; 55; 71; 71; 32; 44; 51; 21; 11; 14; 25; 42; 93; 74; 91; 
21; 80; 64; 8; 25; 90; 5; 87; 39; 44; 42; 62; 29; 2; 79; 
76; 57; 30; 91; 51; 90; 48; 14; 36; 1; 88; 50; 69; 91; 60; 
62; 17; 73; 17; 3; 40; 88; 54; 24; 54; 23; 76; 36; 30; 24; 
76; 19; 25; 57; 75; 1; 93; 45; 59; 73; 99; 18; 76; 61; 63; 
80; 26; 88; 42; 32; 11; 13; 76; 63; 49; 90; 82; 68; 69; 57; 
63; 17; 47; 46; 11; 89; 82; 72; 15; 63; 44; 99; 96; 6; 59; 
3; 92; 74; 8; 38; 50; 78; 61; 18; 75; 81; 89; 69; 29; 84; 
31; 3; 37; 69; 60; 60; 65; 70; 95; 80; 3; 77; 36; 85; 6; 
84; 86; 74; 19; 73; 97; 13; 17; 12; 78; 74; 45; 44; 6; 7; 
60; 68; 19; 82; 18; 100; 27; 21; 69; 45; 18; 14; 9; 18; 27; 
74; 42; 44; 11; 93; 80; 93; 86; 37; 14; 65; 60; 38; 91; 89; 
95; 82; 10; 77; 83; 49; 32; 93; 11; 29; 45; 97; 36; 93; 67; 
87; 44; 72; 68; 18; 15; 49; 56; 65; 58; 22; 34; 9; 54; 50; 
83; 95; 33; 39; 33; 46; 8; 56; 51; 17; 48; 88; 98; 70; 99; 
2; 3; 8; 75; 74; 100; 11; 95; 12; 53; 2; 70; 71; 57; 16; 
91; 56; 15; 67; 27; 54; 91; 83; 75; 88; 85; 16; 51; 58; 88; 
72; 92; 64; 84; 72; 41; 51; 78; 1; 61; 94; 50; 7; 69; 6; 
95; 26; 13; 23; 7; 49; 98; 75; 93; 8; 42; 64; 56; 77; 20; 
47; 70; 63; 39; 35; 27; 40; 6; 89; 21; 22; 35; 82; 72; 25; 
92; 62; 15; 63; 91; 32; 73; 37; 90; 66; 47; 61; 3; 49; 23; 
29; 54; 86; 50; 100; 37; 40; 86; 4; 77; 98; 54; 21; 27; 28; 
93; 68; 22; 66; 50; 12; 69; 85; 91; 78; 61; 7; 24; 7; 72; 
66; 38; 4; 29; 5; 2; 53; 60; 66; 68; 100; 3; 96; 97; 2; 
78; 93; 28; 43; 80; 96; 84; 75; 35; 82; 48; 20; 50; 94; 38; 
64; 95; 7; 2; 81; 99; 82; 35; 72; 65; 62; 46; 27; 15; 61; 
6; 97; 33; 12; 85; 60; 90; 98; 77; 18; 61; 9; 21; 93; 31; 
15; 39; 78; 26; 33; 37; 49; 37; 42; 28; 96; 21; 43; 81; 33; 
50; 46; 8; 6; 59; 5; 64; 60; 51; 57; 57; 76; 39; 1; 40; 
99; 40; 9; 16; 20; 39; 75; 6; 8; 10; 89; 95; 37; 38; 37; 
38; 80; 27; 35; 89; 94; 75; 25; 18; 70; 67; 5; 63; 9; 61; 
99; 7; 35; 34; 6; 56; 66; 16; 90; 90; 73; 83; 27; 2; 79; 
90; 13; 28; 2; 19; 80; 87; 35; 59; 72; 54; 4; 67; 6; 8; 
58; 71; 21; 54; 64; 33; 100; 45; 76; 87; 61; 43; 17; 31; 72; 
70; 39; 59; 74; 84; 23; 45; 5; 79; 3; 9; 68; 4; 71; 59; 
60; 72; 49; 41; 35; 87; 67; 88; 8; 29; 35; 31; 84; 16; 83; 
63; 4; 95; 43; 95; 97; 96; 89; 90; 81; 68; 49; 51; 3; 37; 
22; 66; 39; 75; 24; 27; 8; 28; 12; 31; 6; 97; 1; 71; 28; 
29; 81; 90; 91; 8; 73; 33; 37; 82; 82; 77; 26; 20; 93; 88; 
65; 24; 74; 84; 43; 96; 82; 53; 88; 60; 38; 56; 99; 81; 64; 
57; 8; 31; 88; 94; 37; 67; 16; 80; 19; 14; 22; 15; 63; 13; 
39; 44; 65; 69; 71; 46; 91; 4; 22; 11; 56; 99; 10; 68; 69; 
92; 7; 72; 45; 48; 47; 51; 21; 34; 92; 22; 53; 78; 47; 76; 
55; 64; 12; 62; 87; 29; 52; 88; 29; 39; 95; 17; 7; 2; 88; 
89; 64; 16; 90; 20; 34; 39; 16; 82; 21; 6; 45; 77; 94; 56; 
59; 55; 63; 33; 66; 88; 80; 42; 70; 9; 19; 5; 30; 43; 41; 
12; 19; 63; 74; 11; 73; 12; 100; 13; 64; 95; 95; 39; 35; 87; 
51; 71; 90; 92; 12; 95; 63; 53; 35; 19; 85; 34; 51; 62; 72; 
86; 59; 85; 48; 9; 54; 82; 20; 14; 61; 72; 30; 57; 9; 56; 
67; 43; 50; 67; 38; 72; 40; 51; 70; 53; 41; 13; 16; 70; 83; 
37; 46; 56; 52; 50; 86; 100; 36; 65; 92; 1; 32; 55; 4; 8; 
61; 22; 63; 61; 79; 5; 53; 19; 12; 2; 35; 24; 37; 73; 52; 
22; 8; 27; 90; 98; 77; 62; 67; 24; 19; 55; 11; 21; 82; 14; 
83; 61; 36; 33; 21; 40; 85; 64; 83; 92; 48; 41; 26; 58; 39; 
80; 77; 38; 98; 20; 50; 32; 73; 77; 45; 15; 29; 85; 75; 6; 
29; 53; 70; 32; 94; 25; 64; 10; 28; 56; 25; 7; 76; 7; 48; 
23; 4; 93; 50; 72; 61; 64; 45; 75; 29; 19; 40; 32; 84; 75; 
43; 16; 5; 13; 63; 12; 19; 98; 28; 14; 1; 66; 83; 73; 12; 
63; 75; 71; 47; 49; 16; 39; 49; 55; 79; 85; 28; 85; 25; 45; 
21; 25; 15; 15; 81; 5; 99; 78; 75; 27; 6; 44; 27; 45; 65; 
46; 35; 88; 13; 42; 57; 15; 6; 61; 14; 56; 61; 44; 46; 30; 
4; 22; 20; 3; 31; 15; 89; 30; 5; 21; 73; 21; 92; 100; 99; 
69; 70; 45; 19; 27; 17; 16; 85; 43; 66; 26; 60; 60; 61; 54; 
40; 74; 37; 84; 45; 60; 24; 84; 42; 34; 38; 50; 27; 56; 24; 
46; 79; 6; 47; 47; 98; 24; 99; 69; 99; 77; 82; 79; 70; 71; 
1; 60; 69; 77; 47; 95; 88; 89; 80; 2; 95; 19; 78; 72; 28; 
40; 48; 6; 42; 73; 75; 43; 30; 14; 51; 49; 24; 26; 34; 80; 
38; 69; 8; 67; 65; 64; 95; 70; 65; 18; 69; 81; 16; 72; 68; 
84; 75; 77; 98; 52; 42; 60; 4; 54; 53; 26; 21; 80; 23; 8; 
55; 44; 10; 17; 6; 62; 45; 98; 20; 37; 84; 99; 62; 98; 94; 
62; 65; 69; 54; 14; 37; 68; 63; 66; 83; 32; 88; 9; 50; 86; 
13; 46; 93; 39; 20; 84; 79; 72; 61; 47; 40; 53; 1; 16; 31; 
59; 1; 100; 69; 56; 11; 52; 9; 70; 37; 20; 15; 3; 43; 33; 
32; 24; 13; 65; 48; 83; 18; 62; 23; 55; 95; 16; 32; 22; 55; 
8; 92; 69; 47; 18; 76; 44; 75; 31; 83; 50; 5; 72; 6; 62; 
51; 82; 89; 56; 79; 87; 63; 29; 29; 3; 55; 9; 93; 36; 31; 
19; 36; 52; 17; 12; 91; 60; 53; 30; 14; 75; 5; 28; 55; 93; 
13; 99; 1; 50; 32; 23; 20; 47; 87; 19; 21; 54; 69; 8; 47; 
63; 35; 65; 30; 56; 43; 21; 34; 39; 48; 70; 20; 7; 89; 17; 
17; 67; 71; 18; 84; 23; 25; 57; 15; 33; 79; 65; 62; 1; 15; 
71; 100; 82; 37; 75; 62; 23; 49; 34; 90; 66; 11; 55; 1; 48; 
10; 55; 34; 95; 94; 60; 7; 30; 88; 95; 41; 65; 100; 86; 100; 
18; 44; 49; 24; 91; 80; 82; 53; 63; 42; 80; 62; 33; 92; 53; 
89; 62; 100; 11; 3; 12; 15; 53; 66; 35; 54; 31; 9; 44; 50; 
55; 67; 26; 44; 56; 4; 56; 17; 93; 13; 90; 96; 4; 7; 32; 
23; 25; 68; 89; 35; 77; 2; 42; 53; 16; 24; 77; 65; 75; 67; 
29; 65; 28; 10; 4; 51; 95; 47; 21; 48; 81; 35; 5; 6; 8; 
20; 12; 65; 71; 97; 85; 59; 10; 99; 69; 2; 49; 3; 78; 75; 
93; 8; 97; 44; 31; 47; 62; 81; 98; 2; 84; 24; 89; 87; 20; 
89; 54; 82; 76; 82; 14; 70; 89; 57; 8; 20; 82; 71; 25; 57; 
60; 31; 6; 40; 82; 64; 95; 4; 58; 51; 65; 52; 75; 23; 46; 
73; 14; 67; 64; 100; 32; 38; 31; 65; 50; 99; 24; 44; 80; 83; 
100; 60; 16; 21; 31; 65; 34; 80; 82; 19; 93; 56; 95; 65; 53; 
22; 24; 44; 33; 30; 92; 98; 65; 24; 57; 36; 88; 95; 75; 52; 
67; 71; 1; 58; 90; 53; 54; 25; 21; 65; 72; 34; 91; 3; 86; 
22; 47; 84; 54; 22; 27; 80; 40; 45; 62; 49; 36; 81; 3; 80; 
75; 42; 8; 47; 25; 52; 73; 39; 21; 96; 85; 83; 94; 46; 47; 
2; 17; 46; 79; 3; 60; 70; 13; 23; 94; 52; 31; 21; 50; 65; 
18; 34; 34; 38; 10; 42; 3; 42; 2; 72; 7; 49; 60; 57; 44; 
3; 27; 93; 48; 22; 71; 23; 79; 83; 98; 78; 8; 40; 100; 83; 
28; 20; 90; 5; 66; 2; 21; 53; 32; 48; 49; 98; 39; 80; 85; 
8; 21; 65; 33; 82; 7; 53; 35; 82; 95; 34; 72; 78; 52; 80; 
62; 96; 21; 34; 39; 57; 65; 73; 65; 100; 35; 38; 22; 91; 63; 
34; 68; 52; 49; 88; 6; 46; 6; 8; 5; 58; 83; 60; 41; 49; 
21; 20; 16; 19; 19; 83; 33; 75; 89; 68; 79; 10; 69; 91; 57; 
58; 2; 50; 70; 13; 1; 44; 58; 70; 13; 29; 39; 99; 43; 83; 
2; 45; 34; 5; 38; 46; 94; 3; 16; 46; 24; 29; 86; 48; 70; 
21; 9; 63; 67; 16; 14; 42; 21; 13; 40; 37; 29; 43; 28; 15; 
56; 16; 59; 72; 77; 6; 49; 79; 55; 37; 31; 86; 32; 44; 86; 
26; 44; 74; 64; 30; 8; 77; 28; 3; 96; 91; 89; 91; 68; 59; 
12; 32; 82; 35; 12; 100; 9; 88; 80; 66; 45; 47; 83; 3; 55; 
48; 20; 23; 62; 88; 8; 4; 68; 65; 68; 22; 23; 97; 53; 76; 
79; 71; 56; 74; 68; 56; 4; 12; 66; 30; 15; 84; 33; 31; 52; 
9; 92; 93; 50; 64; 66; 85; 1; 87; 11; 23; 11; 41; 81; 81; 
100; 48; 38; 75; 91; 15; 19; 79; 36; 68; 39; 97; 30; 9; 79; 
55; 38; 12; 70; 24; 79; 9; 52; 19; 53; 9; 80; 63; 36; 36; 
99; 69; 14; 31; 21; 14; 5; 77; 46; 15; 92; 37; 46; 43; 34; 
1; 42; 61; 20; 57; 63; 44; 12; 81; 29; 8; 86; 1; 21; 5; 
68; 61; 68; 38; 58; 74; 93; 76; 7; 36; 14; 54; 20; 17; 26; 
39; 26; 31; 70; 66; 88; 90; 82; 97; 27; 21; 13; 21; 61; 95; 
65; 6; 77; 22; 1; 16; 89; 64; 40; 22; 84; 97; 42; 7; 35; 
38; 15; 66; 18; 12; 40; 7; 28; 45; 79; 4; 79; 84; 83; 94; 
98; 59; 56; 22; 73; 3; 13; 95; 83; 89; 67; 67; 80; 88; 15; 
29; 90; 54; 73; 46; 39; 71; 60; 54; 57; 81; 10; 96; 16; 48; 
60; 19; 5; 82; 22; 7; 59; 17; 57; 87; 12; 9; 22; 39; 83; 
73; 89; 85; 33; 63; 68; 27; 67; 29; 81; 36; 94; 34; 74; 54; 
26; 15; 95; 39; 33; 46; 83; 96; 40; 52; 12; 44; 28; 68; 54; 
3; 66; 27; 59; 92; 64; 8; 64; 48; 33; 30; 24; 36; 73; 12; 
97; 5; 50; 49; 36; 24; 71; 13; 83; 22; 70; 96; 19; 18; 6; 
78; 89; 39; 44; 95; 41; 80; 23; 22; 81; 37; 30; 61; 68; 48; 
8; 12; 54; 78; 67; 75; 93; 73; 99; 30; 74; 75; 79; 100; 50; 
25; 99; 84; 49; 5; 33; 49; 84; 18; 5; 99; 95; 67; 40; 27; 
94; 35; 96; 36; 81; 92; 1; 29; 47; 5; 77; 17; 40; 83; 27; 
41; 60; 52; 31; 40; 16; 56; 77; 76; 12; 30; 48; 45; 10; 45; 
81; 80; 45; 12; 12; 6; 74; 79; 65; 79; 53; 18; 49; 14; 81; 
44; 76; 55; 49; 45; 17; 48; 16; 77; 29; 81; 100; 32; 49; 30; 
30; 63; 72; 91; 98; 5; 66; 49; 33; 88; 94; 68; 21; 70; 90; 
49; 70; 37; 68; 9; 2; 98; 79; 31; 35; 94; 92; 59; 84; 27; 
91; 52; 44; 42; 6; 74; 88; 40; 16; 1; 38; 98; 36; 61; 11; 
58; 1; 99; 25; 7; 86; 76; 55; 97; 15; 25; 55; 90; 78; 83; 
81; 45; 37; 2; 62; 26; 33; 2; 60; 27; 71; 58; 17; 46; 40; 
49; 56; 14; 18; 30; 67; 60; 47; 79; 83; 68; 42; 6; 74; 42; 
56; 61; 67; 1; 14; 97; 21; 53; 44; 90; 13; 88; 55; 20; 6; 
43; 36; 1; 35; 10; 45; 12; 84; 72; 25; 24; 63; 60; 68; 47; 
94; 33; 37; 9; 61; 50; 11; 67; 85; 70; 63; 56; 20; 12; 24; 
80; 46; 53; 58; 81; 21; 42; 65; 56; 61; 86; 90; 84; 6; 13; 
44; 90; 98; 60; 41; 2; 48; 70; 12; 57; 63; 98; 63; 52; 97; 
11; 81; 77; 63; 33; 34; 61; 58; 26; 88; 54; 56; 6; 94; 54; 
21; 79; 68; 9; 85; 78; 53; 81; 91; 71; 81; 72; 33; 19; 55; 
76; 47; 5; 36; 78; 58; 54; 86; 4; 81; 74; 92; 70; 66; 68; 
15; 100; 91; 42; 26; 43; 9; 55; 55; 29; 7; 46; 73; 55; 20; 
60; 71; 94; 2; 46; 51; 65; 3; 56; 80; 79; 74; 86; 33; 33; 
36; 98; 3; 43; 85; 50; 27; 56; 61; 88; 53; 31; 27; 95; 93; 
42; 85; 70; 39; 10; 39; 85; 34; 90; 62; 36; 63; 17; 46; 97; 
89; 97; 72; 1; 73; 86; 38; 78; 50; 36; 17; 96; 75; 27; 48; 
38; 25; 69; 22; 44; 56; 90; 86; 32; 83; 43; 76; 46; 52; 31; 
49; 25; 62; 92; 91; 91; 61; 14; 47; 20; 89; 100; 16; 68; 23; 
52; 1; 51; 69; 88; 17; 47; 81; 16; 18; 81; 60; 85; 91; 89; 
74; 29; 98; 52; 74; 33; 78; 59; 28; 55; 11; 47; 18; 98; 20; 
31; 39; 47; 51; 2; 9; 84; 4; 42; 91; 16; 92; 14; 74; 5; 
40; 45; 93; 54; 33; 59; 75; 40; 19; 66; 73; 41; 67; 2; 94; 
36; 88; 97; 70; 64; 81; 99; 52; 23; 41; 1; 20; 27; 47; 45; 
49; 26; 100; 10; 53; 55; 64; 51; 33; 9; 100; 79; 84; 95; 79; 
14; 41; 17; 44; 7; 13; 67; 12; 81; 91; 79; 82; 29; 34; 9; 
75; 3; 37; 36; 89; 73; 86; 36; 60; 78; 50; 24; 43; 42; 14; 
34; 70; 43; 62; 81; 56; 56; 38; 31; 80; 94; 66; 47; 77; 29; 
52; 14; 98; 53; 73; 39; 13; 82; 61; 36; 100; 1; 92; 10; 34; 
84; 42; 9; 12; 50; 39; 52; 52; 73; 11; 28; 76; 36; 37; 43; 
100; 58; 11; 49; 93; 97; 35; 7; 82; 64; 77; 4; 29; 48; 12; 
45; 100; 5; 100; 81; 58; 77; 50; 22; 4; 33; 32; 8; 28; 5; 
87; 83; 65; 3; 57; 87; 3; 40; 29; 8; 98; 59; 11; 20; 50; 
30; 86; 7; 32; 43; 88; 6; 16; 37; 40; 16; 4; 20; 27; 21; 
54; 51; 73; 48; 35; 72; 48; 92; 86; 10; 40; 47; 39; 96; 57; 
91; 69; 29; 22; 71; 60; 12; 71; 63; 85; 49; 48; 72; 92; 19; 
58; 87; 7; 47; 39; 84; 77; 70; 84; 67; 42; 90; 7; 70; 75; 
26; 13; 94; 58; 52; 55; 53; 51; 16; 40; 21; 85; 15; 92; 64; 
92; 10; 36; 8; 29; 97; 49; 33; 13; 80; 27; 81; 40; 26; 7; 
31; 45; 17; 71; 13; 6; 58; 10; 5; 80; 54; 11; 100; 34; 58; 
10; 39; 44; 51; 37; 18; 12; 77; 31; 54; 82; 43; 67; 21; 15; 
41; 69; 33; 80; 98; 33; 3; 48; 61; 91; 44; 41; 26; 4; 91; 
17; 61; 99; 97; 85; 48; 50; 77; 55; 7; 76; 11; 48; 38; 83; 
8; 12; 58; 51; 68; 26; 100; 69; 45; 57; 35; 94; 36; 21; 45; 
44; 59; 25; 6; 79; 74; 45; 25; 58; 23; 95; 99; 69; 72; 42; 
38; 31; 58; 15; 43; 81; 45; 38; 12; 10; 7; 61; 13; 2; 83; 
28; 58; 46; 84; 7; 55; 50; 31; 25; 25; 97; 89; 71; 61; 54; 
65; 30; 53; 92; 91; 3; 62; 33; 58; 79; 85; 96; 20; 15; 84; 
45; 84; 54; 38; 22; 77; 18; 97; 47; 50; 1; 64; 16; 46; 56; 
40; 87; 39; 15; 86; 85; 38; 12; 96; 9; 37; 55; 96; 36; 57; 
7; 66; 41; 19; 31; 32; 25; 3; 63; 41; 79; 69; 1; 19; 98; 
56; 89; 98; 91; 88; 29; 98; 50; 8; 59; 77; 34; 61; 73; 59; 
73; 2; 14; 12; 15; 60; 55; 56; 62; 78; 89; 93; 98; 87; 18; 
9; 47; 100; 67; 73; 24; 82; 4; 83; 100; 92; 16; 29; 40; 22; 
69; 89; 3; 98; 36; 66; 90; 92; 10; 27; 41; 1; 34; 62; 36; 
52; 30; 66; 67; 18; 81; 19; 56; 8; 20; 77; 26; 15; 74; 76; 
3; 28; 43; 83; 39; 38; 96; 99; 44; 57; 48; 28; 94; 29; 62; 
56; 44; 68; 79; 59; 83; 25; 28; 74; 71; 18; 49; 55; 80; 57; 
26; 18; 50; 3; 62; 92; 64; 14; 55; 65; 63; 33; 57; 52; 86; 
46; 10; 10; 48; 47; 39; 39; 26; 38; 96; 19; 75; 92; 63; 65; 
18; 97; 59; 63; 50; 51; 28; 93; 34; 65; 48; 79; 52; 71; 69; 
94; 32; 43; 13; 98; 98; 70; 99; 91; 24; 72; 32; 18; 98; 43; 
50; 8; 17; 24; 14; 30; 47; 53; 96; 92; 89; 48; 28; 100; 75; 
51; 76; 70; 72; 69; 64; 19; 27; 79; 36; 78; 17; 13; 56; 79; 
2; 53; 42; 11; 36; 50; 82; 57; 89; 60; 38; 96; 2; 42; 94; 
6; 23; 21; 82; 69; 95; 39; 75; 100; 74; 64; 40; 21; 6; 91; 
77; 62; 5; 8; 79; 18; 75; 47; 60; 31; 63; 8; 86; 14; 63; 
80; 71; 15; 10; 97; 55; 50; 64; 55; 29; 91; 9; 100; 9; 15; 
46; 42; 63; 7; 99; 31; 74; 98; 22; 70; 55; 19; 43; 1; 12; 
1; 95; 18; 10; 56; 30; 48; 19; 66; 51; 86; 7; 18; 6; 83; 
69; 48; 54; 23; 69; 62; 18; 94; 33; 79; 34; 3; 8; 38; 71; 
3; 13; 6; 19; 24; 20; 73; 12; 76; 54; 76; 20; 11; 72; 78; 
82; 82; 22; 65; 76; 6; 20; 62; 72; 21; 33; 11; 70; 64; 38; 
52; 52; 6; 67; 88; 17; 5; 92; 26; 27; 3; 73; 44; 68; 84; 
40; 47; 49; 27; 15; 49; 22; 27; 3; 81; 90; 12; 14; 97; 99; 
99; 22; 65; 61; 99; 39; 11; 96; 18; 63; 55; 93; 44; 14; 67; 
58; 90; 81; 25; 50; 20; 95; 25; 91; 69; 99; 25; 84; 76; 21; 
86; 71; 48; 20; 57; 76; 4; 73; 16; 88; 6; 85; 60; 72; 31; 
6; 52; 26; 80; 68; 96; 31; 15; 96; 84; 24; 44; 91; 43; 10; 
99; 16; 12; 56; 41; 71; 100; 75; 47; 77; 38; 14; 10; 21; 97; 
37; 32; 14; 60; 17; 68; 80; 24; 34; 98; 21; 58; 59; 22; 56; 
44; 63; 15; 72; 42; 45; 44; 91; 62; 63; 11; 35; 74; 21; 74; 
87; 58; 24; 20; 28; 50; 46; 27; 6; 69; 92; 68; 46; 28; 50; 
93; 29; 54; 68; 43; 22; 37; 15; 17; 53; 11; 4; 36; 32; 55; 
49; 21; 52; 58; 33; 81; 57; 55; 45; 60; 37; 31; 72; 17; 14; 
93; 29; 22; 11; 22; 37; 55; 4; 60; 72; 58; 93; 95; 25; 7; 
38; 93; 54; 65; 4; 47; 91; 73; 22; 33; 30; 73; 19; 21; 44; 
78; 31; 98; 62; 16; 85; 28; 50; 100; 23; 84; 43; 1; 62; 13; 
4; 34; 6; 89; 29; 95; 26; 35; 7; 83; 65; 23; 98; 19; 92; 
53; 34; 93; 64; 46; 19; 8; 88; 47; 79; 36; 32; 44; 97; 78; 
21; 87; 99; 67; 1; 42; 61; 62; 67; 3; 77; 27; 100; 18; 12; 
45; 49; 69; 95; 76; 41; 5; 99; 2; 43; 89; 87; 13; 37; 36; 
75; 99; 93; 99; 23; 4; 61; 29; 94; 4; 90; 64; 37; 97; 65; 
84; 44; 12; 57; 38; 43; 94; 58; 48; 79; 5; 79; 13; 47; 77; 
8; 65; 86; 9; 47; 38; 71; 51; 8; 61; 1; 9; 76; 56; 26; 
1; 6; 5; 71; 64; 21; 69; 25; 19; 27; 58; 41; 50; 28; 82; 
7; 78; 100; 50; 77; 35; 66; 72; 29; 87; 92; 70; 17; 7; 12; 
48; 94; 60; 21; 28; 31; 17; 61; 80; 79; 23; 92; 36; 11; 73; 
53; 50; 71; 83; 16; 8; 5; 31; 51; 73; 83; 69; 78; 77; 58; 
68; 35; 76; 55; 88; 40; 81; 14; 10; 4; 48; 47; 34; 77; 45; 
93; 65; 10; 79; 62; 5; 62; 54; 85; 18; 69; 57; 70; 79; 71; 
85; 20; 33; 40; 87; 94; 27; 6; 73; 80; 59; 22; 89; 18; 37; 
46; 5; 65; 87; 88; 39; 17; 26; 68; 84; 49; 44; 69; 40; 78; 
42; 22; 11; 20; 65; 16; 59; 78; 76; 46; 3; 7; 94; 72; 59; 
99; 30; 75; 65; 61; 11; 15; 80; 68; 56; 4; 23; 81; 60; 58; 
10; 78; 79; 42; 34; 89; 81; 2; 87; 17; 63; 42; 68; 69; 81; 
74; 73; 60; 39; 52; 80; 68; 12; 22; 63; 31; 21; 29; 50; 49; 
79; 41; 3; 72; 85; 89; 26; 27; 24; 35; 46; 9; 72; 49; 39; 
34; 20; 51; 85; 79; 71; 97; 71; 75; 63; 54; 44; 98; 75; 15; 
94; 70; 8; 17; 50; 2; 16; 45; 72; 71; 8; 51; 10; 15; 56; 
55; 8; 52; 13; 56; 33; 45; 34; 38; 33; 48; 100; 98; 99; 52; 
29; 53; 2; 79; 52; 39; 45; 89; 4; 96; 4; 47; 99; 73; 61; 
59; 45; 80; 68; 57; 74; 60; 31; 70; 4; 11; 83; 41; 2; 47; 
52; 94; 11; 17; 83; 29; 95; 87; 50; 37; 66; 33; 28; 90; 61; 
89; 48; 80; 25; 87; 82; 20; 15; 72; 65; 2; 42; 93; 91; 49; 
98; 88; 42; 72; 22; 18; 71; 30; 49; 96; 47; 97; 52; 8; 18; 
85; 68; 32; 28; 11; 23; 78; 42; 97; 46; 75; 89; 96; 66; 74; 
64; 29; 84; 86; 75; 38; 12; 32; 13; 44; 41; 54; 82; 74; 84; 
16; 98; 34; 98; 86; 67; 16; 23; 32; 5; 41; 21; 50; 77; 45; 
78; 23; 71; 72; 15; 72; 61; 11; 3; 35; 82; 47; 12; 50; 72; 
20; 88; 31; 95; 36; 51; 98; 78; 63; 57; 45; 71; 67; 68; 100; 
58; 69; 89; 20; 50; 54; 56; 39; 14; 45; 81; 83; 9; 5; 37; 
100; 93; 23; 62; 64; 81; 99; 76; 76; 100; 76; 62; 17; 86; 7; 
5; 78; 80; 96; 95; 82; 65; 67; 59; 34; 68; 70; 40; 20; 35; 
28; 93; 7; 9; 51; 81; 75; 41; 19; 29; 41; 83; 2; 4; 28; 
53; 33; 46; 56; 43; 21; 68; 91; 51; 88; 7; 78; 36; 99; 43; 
74; 98; 11; 68; 64; 80; 23; 46; 16; 10; 89; 18; 1; 58; 67; 
85; 14; 41; 82; 47; 45; 18; 54; 81; 73; 4; 92; 25; 11; 39; 
27; 23; 25; 33; 34; 21; 46; 77; 89; 79; 67; 52; 8; 78; 79; 
49; 81; 12; 35; 80; 73; 77; 69; 83; 85; 52; 34; 57; 75; 56; 
60; 35; 76; 74; 25; 89; 82; 58; 22; 22; 91; 98; 60; 12; 96; 
18; 40; 99; 56; 33; 47; 86; 86; 36; 81; 89; 43; 31; 44; 5; 
41; 62; 13; 57; 60; 14; 26; 37; 70; 76; 19; 62; 77; 81; 91; 
54; 46; 14; 47; 66; 22; 16; 54; 61; 2; 8; 89; 95; 35; 40; 
13; 13; 3; 32; 39; 52; 8; 93; 72; 86; 94; 42; 18; 96; 9; 
90; 72; 8; 25; 21; 65; 76; 13; 73; 28; 68; 20; 4; 100; 51; 
11; 21; 3; 76; 76; 29; 14; 54; 15; 77; 87; 78; 55; 82; 34; 
34; 61; 52; 27; 81; 33; 16; 69; 26; 63; 20; 94; 84; 16; 25; 
10; 67; 57; 86; 36; 58; 5; 79; 9; 62; 75; 21; 36; 48; 71; 
20; 76; 86; 54; 12; 68; 6; 39; 74; 12; 20; 33; 2; 94; 43; 
62; 43; 52; 56; 42; 5; 10; 32; 72; 95; 77; 40; 14; 17; 25; 
26; 41; 58; 63; 5; 8; 4; 15; 57; 81; 84; 30; 58; 98; 2; 
21; 69; 91; 85; 10; 66; 62; 75; 31; 61; 51; 64; 49; 11; 49; 
42; 83; 32; 38; 10; 52; 59; 7; 21; 64; 69; 61; 22; 46; 64; 
41; 48; 11; 33; 30; 32; 31; 54; 96; 61; 9; 69; 81; 64; 73; 
16; 96; 70; 86; 78; 7; 85; 19; 36; 86; 36; 23; 91; 27; 83; 
52; 14; 29; 68; 25; 11; 3; 83; 36; 77; 21; 62; 7; 97; 79; 
68; 35; 32; 3; 39; 83; 65; 41; 22; 67; 8; 94; 28; 60; 34; 
57; 73; 9; 8; 11; 94; 37; 60; 95; 23; 24; 82; 82; 61; 36; 
65; 47; 3; 44; 73; 89; 76; 100; 17; 100; 78; 28; 55; 7; 49; 
28; 27; 53; 41; 1; 78; 43; 50; 44; 99; 96; 16; 80; 80; 12; 
5; 58; 56; 55; 51; 19; 4; 44; 81; 39; 28; 78; 40; 91; 5; 
41; 79; 25; 61; 54; 86; 23; 7; 88; 61; 3; 100; 25; 42; 75; 
95; 22; 99; 36; 18; 55; 41; 85; 85; 42; 86; 30; 52; 53; 34; 
32; 93; 88; 10; 60; 68; 77; 54; 31; 29; 92; 70; 88; 44; 79; 
64; 86; 98; 83; 92; 86; 31; 85; 76; 65; 48; 31; 35; 10; 41; 
36; 26; 2; 69; 79; 3; 94; 21; 37; 2; 2; 22; 81; 1; 57; 
34; 68; 42; 72; 43; 70; 81; 40; 32; 11; 17; 37; 25; 13; 69; 
92; 70; 95; 28; 90; 87; 59; 84; 69; 63; 58; 61; 72; 19; 88; 
14; 100; 67; 23; 26; 50; 16; 68; 100; 90; 25; 48; 56; 89; 68; 
46; 26; 94; 79; 3; 62; 35; 89; 76; 35; 90; 71; 8; 8; 80; 
76; 56; 57; 7; 74; 24; 38; 76; 67; 25; 79; 11; 33; 65; 68; 
38; 48; 19; 92; 38; 97; 67; 38; 2; 25; 54; 27; 34; 92; 51; 
87; 47; 74; 59; 74; 100; 52; 31; 91; 57; 6; 72; 37; 61; 44; 
76; 38; 36; 99; 80; 70; 95; 27; 31; 40; 22; 64; 16; 84; 99; 
70; 12; 97; 100; 83; 7; 86; 97; 39; 5; 92; 85; 98; 34; 98; 
51; 6; 23; 90; 2; 71; 69; 44; 96; 62; 79; 53; 40; 34; 99; 
46; 51; 30; 38; 75; 32; 91; 21; 51; 25; 10; 57; 42; 97; 7; 
72; 87; 49; 89; 30; 95; 88; 42; 29; 18; 91; 69; 68; 33; 23; 
63; 59; 18; 52; 72; 54; 49; 70; 24; 33; 87; 79; 62; 24; 9; 
1; 37; 44; 2; 11; 14; 95; 2; 83; 30; 22; 100; 78; 52; 65; 
88; 88; 51; 72; 10; 80; 62; 14; 66; 59; 57; 11; 21; 93; 2; 
8; 44; 36; 84; 70; 65; 82; 19; 32; 67; 67; 32; 10; 59; 35; 
32; 2; 53; 26; 34; 90; 68; 89; 26; 52; 23; 23; 62; 18; 53; 
10; 39; 31; 96; 51; 75; 60; 2; 76; 3; 28; 29; 35; 92; 45; 
18; 5; 97; 16; 17; 54; 31; 16; 43; 1; 16; 36; 56; 32; 26; 
79; 3; 65; 39; 28; 37; 49; 80; 72; 47; 46; 23; 88; 29; 68; 
50; 25; 37; 44; 33; 65; 91; 15; 88; 3; 47; 59; 91; 96; 64; 
97; 35; 42; 68; 96; 53; 92; 50; 30; 94; 75; 23; 4; 34; 74; 
7; 57; 82; 60; 24; 27; 82; 56; 45; 94; 47; 23; 60; 34; 7; 
38; 84; 20; 67; 47; 58; 54; 78; 33; 88; 72; 52; 61; 3; 98; 
60; 28; 70; 87; 12; 7; 83; 16; 56; 46; 16; 95; 78; 40; 14; 
60; 57; 61; 64; 25; 35; 90; 91; 15; 9; 86; 79; 64; 19; 65; 
1; 36; 22; 13; 75; 65; 20; 62; 38; 26; 82; 53; 91; 33; 67; 
30; 26; 72; 52; 57; 43; 45; 63; 34; 34; 35; 83; 72; 10; 57; 
52; 5; 35; 67; 91; 10; 30; 28; 57; 61; 53; 53; 24; 80; 76; 
76; 67; 84; 66; 17; 84; 39; 94; 88; 8; 28; 83; 42; 83; 4; 
58; 21; 89; 43; 23; 9; 96; 34; 58; 71; 77; 52; 33; 69; 34; 
63; 20; 14; 83; 67; 72; 25; 70; 70; 69; 1; 32; 76; 38; 40; 
9; 71; 47; 100; 75; 8; 51; 27; 12; 93; 96; 59; 14; 30; 45; 
6; 2; 30; 78; 24; 33; 19; 91; 43; 61; 90; 95; 29; 23; 94; 
96; 40; 66; 41; 48; 31; 38; 64; 70; 30; 56; 31; 40; 75; 30; 
72; 37; 72; 49; 26; 95; 60; 14; 35; 31; 35; 38; 96; 81; 63; 
51; 33; 3; 4; 89; 92; 14; 25; 26; 86; 24; 88; 51; 49; 25; 
92; 7; 6; 45; 55; 89; 6; 63; 86; 97; 65; 80; 45; 4; 95; 
34; 27; 67; 46; 41; 68; 55; 46; 57; 91; 87; 59; 58; 34; 9; 
22; 64; 25; 2; 15; 17; 43; 17; 83; 2; 89; 64; 83; 83; 33; 
68; 99; 63; 75; 7; 45; 85; 22; 35; 38; 52; 77; 44; 100; 38; 
93; 79; 30; 8; 11; 11; 37; 82; 100; 50; 67; 63; 46; 74; 10; 
98; 55; 97; 68; 68; 96; 86; 78; 59; 35; 21; 56; 88; 18; 99; 
78; 70; 75; 60; 5; 34; 30; 38; 90; 98; 62; 75; 88; 66; 96; 
90; 94; 3; 35; 67; 83; 57; 53; 89; 93; 59; 67; 2; 33; 97; 
86; 39; 52; 25; 22; 32; 36; 74; 85; 19; 99; 95; 13; 37; 13; 
49; 32; 14; 6; 77; 21; 19; 51; 29; 27; 49; 97; 45; 90; 13; 
23; 82; 98; 3; 92; 19; 48; 60; 66; 48; 41; 62; 100; 36; 1; 
14; 7; 50; 49; 88; 55; 88; 81; 64; 12; 73; 85; 20; 39; 41; 
36; 23; 13; 12; 94; 88; 92; 32; 79; 48; 24; 27; 61; 30; 84; 
65; 91; 29; 25; 10; 56; 70; 86; 60; 51; 50; 94; 56; 9; 71; 
11; 48; 9; 63; 56; 30; 93; 19; 50; 48; 17; 78; 100; 8; 49; 
93; 36; 2; 81; 52; 7; 52; 45; 94; 68; 38; 95; 30; 66; 72; 
3; 26; 25; 61; 34; 85; 82; 77; 80; 54; 42; 87; 68; 9; 92; 
62; 10; 37; 49; 7; 36; 51; 61; 33; 78; 81; 36; 24; 85; 84; 
27; 54; 4; 45; 28; 32; 45; 58; 38; 9; 6; 6; 70; 86; 11; 
30; 43; 86; 88; 20; 32; 33; 60; 14; 28; 21; 30; 83; 25; 92; 
1; 39; 9; 85; 71; 28; 69; 93; 39; 45; 64; 2; 67; 55; 84; 
92; 89; 7; 10; 100; 90; 92; 16; 66; 46; 30; 91; 99; 91; 60; 
34; 45; 72; 3; 17; 15; 89; 55; 21; 44; 49; 75; 36; 47; 53; 
65; 65; 1; 24; 16; 79; 24; 45; 82; 27; 44; 24; 99; 42; 88; 
33; 4; 60; 99; 12; 4; 10; 81; 82; 1; 93; 25; 29; 87; 95; 
81; 77; 55; 49; 9; 63; 63; 44; 17; 72; 70; 63; 58; 63; 75; 
9; 48; 93; 94; 99; 38; 98; 15; 52; 42; 9; 60; 4; 97; 88; 
74; 96; 47; 70; 11; 12; 44; 90; 71; 37; 43; 56; 36; 50; 96; 
96; 72; 5; 50; 7; 52; 6; 22; 22; 64; 79; 7; 59; 90; 52; 
59; 55; 98; 100; 42; 6; 64; 77; 78; 37; 65; 40; 48; 25; 56; 
92; 63; 33; 82; 89; 39; 6; 64; 50; 15; 53; 57; 40; 88; 83; 
45; 26; 67; 52; 6; 77; 26; 97; 1; 2; 76; 99; 95; 27; 98; 
34; 10; 59; 37; 52; 48; 97; 82; 87; 72; 8; 78; 65; 5; 22; 
76; 29; 91; 34; 93; 1; 63; 1; 74; 8; 95; 97; 93; 38; 61; 
41; 2; 11; 42; 45; 60; 79; 22; 34; 45; 25; 70; 41; 34; 31; 
5; 65; 68; 99; 37; 64; 93; 92; 40; 68; 12; 62; 75; 26; 84; 
5; 65; 59; 95; 85; 80; 95; 2; 52; 29; 35; 42; 13; 19; 100; 
31; 32; 15; 98; 48; 66; 39; 12; 59; 83; 66; 36; 41; 44; 99; 
47; 19; 56; 74; 39; 86; 55; 71; 45; 89; 1; 76; 92; 45; 2; 
24; 84; 89; 70; 3; 48; 72; 33; 69; 41; 16; 96; 87; 7; 8; 
98; 72; 14; 85; 71; 41; 7; 27; 74; 61; 3; 72; 88; 52; 97; 
51; 57; 23; 64; 96; 11; 28; 55; 71; 73; 11; 64; 26; 25; 98; 
24; 95; 39; 90; 32; 59; 66; 20; 67; 97; 18; 80; 32; 64; 60; 
48; 43; 32; 29; 97; 5; 84; 77; 46; 87; 89; 21; 21; 49; 39; 
61; 8; 59; 11; 43; 41; 85; 63; 85; 59; 5; 69; 46; 57; 54; 
43; 88; 45; 57; 92; 23; 30; 67; 10; 22; 50; 53; 52; 50; 55; 
7; 18; 91; 96; 65; 63; 60; 5; 85; 51; 48; 97; 75; 19; 75; 
13; 47; 54; 50; 73; 83; 82; 94; 93; 61; 49; 93; 87; 52; 58; 
55; 21; 96; 43; 81; 7; 21; 64; 87; 18; 72; 58; 47; 98; 28; 
26; 36; 78; 91; 22; 29; 59; 90; 99; 47; 44; 93; 12; 85; 45; 
80; 71; 10; 2; 50; 30; 42; 72; 39; 86; 94; 11; 25; 96; 66; 
79; 1; 83; 73; 21; 28; 22; 69; 68; 89; 94; 93; 74; 9; 81; 
96; 45; 34; 17; 79; 96; 46; 80; 14; 19; 19; 80; 97; 82; 81; 
65; 10; 19; 20; 74; 60; 14; 88; 66; 81; 2; 24; 81; 25; 38; 
70; 40; 88; 74; 5; 77; 67; 73; 84; 79; 28; 21; 66; 71; 7; 
81; 100; 41; 33; 78; 71; 58; 42; 28; 73; 90; 63; 41; 23; 81; 
3; 42; 91; 43; 35; 85; 21; 66; 14; 6; 91; 1; 78; 29; 91; 
87; 29; 98; 49; 52; 76; 45; 5; 8; 86; 73; 57; 2; 86; 84; 
19; 45; 90; 80; 10; 83; 64; 49; 50; 26; 31; 75; 17; 49; 23; 
35; 43; 23; 42; 87; 38; 75; 51; 19; 87; 72; 65; 44; 52; 43; 
70; 35; 31; 35; 70; 57; 45; 37; 19; 2; 77; 58; 70; 28; 76; 
39; 99; 76; 60; 12; 95; 49; 45; 49; 75; 17; 24; 81; 22; 84; 
32; 96; 79; 35; 59; 44; 5; 9; 17; 8; 91; 9; 45; 42; 60; 
25; 49; 55; 10; 76; 20; 58; 47; 84; 43; 89; 54; 70; 68; 72; 
71; 47; 15; 20; 29; 59; 64; 39; 16; 92; 50; 56; 10; 74; 86; 
73; 5; 94; 79; 6; 88; 62; 86; 16; 91; 4; 24; 65; 33; 67; 
79; 16; 4; 63; 18; 33; 44; 75; 36; 69; 73; 86; 12; 77; 51; 
3; 8; 96; 96; 19; 20; 26; 69; 74; 15; 59; 11; 41; 79; 53; 
29; 90; 46; 87; 22; 77; 17; 98; 68; 52; 2; 10; 96; 63; 14; 
51; 50; 26; 60; 43; 6; 68; 30; 89; 97; 12; 69; 42; 90; 71; 
9; 19; 28; 38; 56; 66; 44; 81; 79; 80; 1; 53; 27; 22; 60; 
7; 49; 7; 47; 23; 21; 37; 82; 84; 18; 38; 40; 69; 70; 27; 
12; 58; 98; 88; 27; 45; 93; 52; 91; 3; 46; 57; 27; 95; 9; 
40; 78; 21; 9; 51; 78; 1; 7; 47; 25; 53; 4; 89; 86; 29; 
26; 24; 34; 45; 94; 33; 83; 31; 77; 11; 63; 15; 76; 87; 54; 
93; 58; 37; 69; 19; 74; 65; 39; 24; 3; 92; 18; 29; 47; 18; 
51; 35; 83; 97; 24; 98; 41; 81; 62; 20; 37; 52; 79; 33; 78; 
32; 18; 48; 21; 56; 74; 4; 68; 8; 70; 5; 16; 9; 38; 42; 
65; 93; 7; 63; 19; 75; 73; 87; 26; 76; 38; 57; 56; 83; 11; 
41; 24; 10; 39; 55; 95; 26; 88; 51; 74; 96; 39; 87; 94; 74; 
68; 10; 60; 58; 95; 49; 93; 26; 93; 93; 35; 30; 94; 18; 19; 
63; 45; 3; 37; 16; 86; 30; 34; 43; 52; 53; 93; 89; 98; 51; 
42; 79; 1; 50; 41; 66; 85; 42; 54; 50; 73; 45; 90; 43; 29; 
53; 28; 45; 62; 50; 99; 2; 49; 66; 41; 78; 54; 74; 41; 95; 
11; 100; 10; 59; 80; 14; 51; 44; 30; 94; 36; 78; 69; 61; 31; 
20; 9; 40; 77; 72; 16; 64; 16; 73; 25; 94; 60; 72; 41; 38; 
89; 95; 82; 26; 72; 39; 86; 94; 84; 72; 22; 84; 85; 27; 68; 
54; 72; 71; 80; 11; 73; 93; 23; 23; 41; 63; 10; 98; 48; 29; 
57; 49; 11; 11; 8; 6; 4; 66; 19; 98; 70; 42; 86; 88; 9; 
84; 11; 68; 79; 10; 72; 17; 29; 4; 94; 1; 61; 22; 33; 23; 
48; 60; 11; 3; 49; 81; 31; 67; 96; 69; 66; 98; 34; 82; 20; 
23; 94; 82; 13; 39; 53; 44; 12; 66; 75; 4; 46; 76; 62; 97; 
80; 25; 40; 82; 90; 100; 4; 96; 36; 6; 90; 8; 67; 41; 88; 
52; 89; 76; 90; 9; 35; 78; 22; 29; 84; 59; 45; 63; 30; 45; 
78; 80; 44; 78; 5; 11; 8; 16; 44; 100; 19; 98; 25; 82; 67; 
89; 88; 13; 6; 71; 64; 53; 96; 35; 22; 25; 99; 59; 23; 62; 
15; 4; 34; 79; 54; 77; 1; 2; 82; 51;
